<?xml version="1.0" encoding="UTF-8" ?>
<resource_file type="PackedScene" subresource_count="3" version="2.1" version_name="Godot Engine v2.1.stable.official">
	<ext_resource path="res://world/character/zombie/police/model_m.xml" type="PackedScene" index="0"></ext_resource>
	<ext_resource path="res://IMPORT/room.scn" type="PackedScene" index="1"></ext_resource>
	<main_resource>
		<dictionary name="_bundled" shared="false">
			<string> "conn_count" </string>
			<int> 0 </int>
			<string> "conns" </string>
			<int_array  len="0"> 				 </int_array>
			<string> "editable_instances" </string>
			<array  len="0" shared="false">
			</array>
			<string> "names" </string>
			<string_array  len="37">
				<string> "world" </string>
				<string> "_import_transform" </string>
				<string> "Spatial" </string>
				<string> "DirectionalLight" </string>
				<string> "transform/local" </string>
				<string> "layers" </string>
				<string> "params/enabled" </string>
				<string> "params/editor_only" </string>
				<string> "params/bake_mode" </string>
				<string> "params/energy" </string>
				<string> "colors/diffuse" </string>
				<string> "colors/specular" </string>
				<string> "shadow/shadow" </string>
				<string> "shadow/darkening" </string>
				<string> "shadow/z_offset" </string>
				<string> "shadow/z_slope_scale" </string>
				<string> "shadow/esm_multiplier" </string>
				<string> "shadow/blur_passes" </string>
				<string> "projector" </string>
				<string> "operator" </string>
				<string> "shadow/mode" </string>
				<string> "shadow/max_distance" </string>
				<string> "shadow/split_weight" </string>
				<string> "shadow/zoffset_scale" </string>
				<string> "zombie_police_m" </string>
				<string> "animation" </string>
				<string> "zombie_police_m4 4" </string>
				<string> "zombie_police_m45" </string>
				<string> "zombie_police_m1" </string>
				<string> "zombie_police_m4" </string>
				<string> "zombie_police_m5" </string>
				<string> "zombie_police_m2" </string>
				<string> "zombie_police_m4 3" </string>
				<string> "zombie_police_m44" </string>
				<string> "zombie_police_m3" </string>
				<string> "zombie_police_m4 2" </string>
				<string> "zombie_police_m43" </string>
			</string_array>
			<string> "node_count" </string>
			<int> 15 </int>
			<string> "node_paths" </string>
			<array  len="0" shared="false">
			</array>
			<string> "nodes" </string>
			<int_array  len="199"> 				-1, -1, 2, 0, -1, 1, 1, 0, 0, 0, 0, 3, 3, -1, 21, 1, 0, 4, 1, 5, 2, 6, 3, 7, 4, 8, 5, 9, 6, 10, 7, 11, 7, 12, 4, 13, 8, 14, 9, 15, 8, 16, 10, 17, 11, 18, 12, 19, 5, 20, 5, 21, 8, 22, 13, 23, 14, 0, 0, 0, 2147483647, 24, 15, 2, 4, 16, 25, 17, 0, 0, 0, 2147483647, 26, 15, 2, 4, 18, 25, 17, 0, 0, 0, 2147483647, 27, 15, 2, 4, 19, 25, 17, 0, 0, 0, 2147483647, 28, 15, 2, 4, 20, 25, 21, 0, 0, 0, 2147483647, 29, 15, 2, 4, 22, 25, 21, 0, 0, 0, 2147483647, 30, 15, 2, 4, 23, 25, 21, 0, 0, 0, 2147483647, 31, 15, 2, 4, 24, 25, 25, 0, 0, 0, 2147483647, 32, 15, 2, 4, 26, 25, 25, 0, 0, 0, 2147483647, 33, 15, 2, 4, 27, 25, 25, 0, 0, 0, 2147483647, 34, 15, 2, 4, 28, 25, 29, 0, 0, 0, 2147483647, 35, 15, 2, 4, 30, 25, 29, 0, 0, 0, 2147483647, 36, 15, 2, 4, 31, 25, 29, 0, 0, 0, 2147483647, 2, 32, 1, 4, 33, 0 </int_array>
			<string> "variants" </string>
			<array  len="34" shared="false">
				<transform> 1, 0, 0, 0, 1, 0, 0, 0, 1, 0, 0, 0 </transform>
				<transform> 1, 0, 0, 0, 0.707107, 0.707107, 0, -0.707107, 0.707107, 0, 15, 15 </transform>
				<int> 1 </int>
				<bool> True </bool>
				<bool> False </bool>
				<int> 0 </int>
				<real> 5 </real>
				<color> 1, 1, 1, 1 </color>
				<real> 0 </real>
				<real> 0.05 </real>
				<real> 60 </real>
				<real> 1 </real>
				<resource name=""></resource>				<real> 0.5 </real>
				<real> 2 </real>
				<resource  external="0">  </resource>
				<transform> 0.856051, 0, -0.516891, 0, 1, 0, 0.516891, 0, 0.856051, 2.89445, 0, -0.583365 </transform>
				<string> "walk_f" </string>
				<transform> 0.856051, 0, -0.516891, 0, 1, 0, 0.516891, 0, 0.856051, -3.03959, 0, -6.64173 </transform>
				<transform> 0.997426, 0, -0.07171, 0, 1, 0, 0.07171, 0, 0.997426, 3.10435, 0, -5.97159 </transform>
				<transform> -0.320259, 0, -0.94733, 0, 1, 0, 0.94733, 0, -0.320259, 2.89445, 0, 4.91934 </transform>
				<string> "crawl_f" </string>
				<transform> -0.320259, 0, -0.94733, 0, 1, 0, 0.94733, 0, -0.320259, -7.23377, 0, -2.69164 </transform>
				<transform> -0.979285, 0, -0.202486, 0, 1, 0, 0.202486, 0, -0.979285, -8.53156, 0, 10.7138 </transform>
				<transform> -0.154591, 0, 0.987979, 0, 1, 0, -0.987979, 0, -0.154591, -5.5354, 0, 9.303 </transform>
				<string> "idle_taunt" </string>
				<transform> -0.154591, 0, 0.987979, 0, 1, 0, -0.987979, 0, -0.154591, -9.63594, 0, 4.86848 </transform>
				<transform> -0.98742, 0, 0.158118, 0, 1, 0, -0.158118, 0, -0.98742, -5.23092, 0, 0.838699 </transform>
				<transform> 0.187722, 0, 0.982222, 0, 1, 0, -0.982222, 0, 0.187722, -1.01875, 0, -0.527537 </transform>
				<string> "idle_search" </string>
				<transform> 0.187722, 0, 0.982222, 0, 1, 0, -0.982222, 0, 0.187722, -6.9528, 0, -7.62412 </transform>
				<transform> -0.278854, 0, 0.960334, 0, 1, 0, -0.960334, 0, -0.278854, 2.18013, 0, 11.4198 </transform>
				<resource  external="1">  </resource>
				<transform> 0.99426, 0, -0.106992, 0, 1, 0, 0.106992, 0, 0.99426, -2.01464, 0, -4.69327 </transform>
			</array>
			<string> "version" </string>
			<int> 2 </int>
		</dictionary>

	</main_resource>
</resource_file>