<?xml version="1.0" encoding="UTF-8" ?>
<resource_file type="PackedScene" subresource_count="2" version="2.1" version_name="Godot Engine v2.1.stable.official">
	<ext_resource path="res://world/character/zombie/police/model_m.xml" type="PackedScene" index="0"></ext_resource>
	<main_resource>
		<dictionary name="_bundled" shared="false">
			<string> "conn_count" </string>
			<int> 0 </int>
			<string> "conns" </string>
			<int_array  len="0"> 				 </int_array>
			<string> "editable_instances" </string>
			<array  len="0" shared="false">
			</array>
			<string> "names" </string>
			<string_array  len="28">
				<string> "world" </string>
				<string> "_import_transform" </string>
				<string> "Spatial" </string>
				<string> "DirectionalLight" </string>
				<string> "transform/local" </string>
				<string> "layers" </string>
				<string> "params/enabled" </string>
				<string> "params/editor_only" </string>
				<string> "params/bake_mode" </string>
				<string> "params/energy" </string>
				<string> "colors/diffuse" </string>
				<string> "colors/specular" </string>
				<string> "shadow/shadow" </string>
				<string> "shadow/darkening" </string>
				<string> "shadow/z_offset" </string>
				<string> "shadow/z_slope_scale" </string>
				<string> "shadow/esm_multiplier" </string>
				<string> "shadow/blur_passes" </string>
				<string> "projector" </string>
				<string> "operator" </string>
				<string> "shadow/mode" </string>
				<string> "shadow/max_distance" </string>
				<string> "shadow/split_weight" </string>
				<string> "shadow/zoffset_scale" </string>
				<string> "zombie_police_m" </string>
				<string> "zombie_police_m1" </string>
				<string> "zombie_police_m2" </string>
				<string> "zombie_police_m3" </string>
			</string_array>
			<string> "node_count" </string>
			<int> 6 </int>
			<string> "node_paths" </string>
			<array  len="0" shared="false">
			</array>
			<string> "nodes" </string>
			<int_array  len="94"> 				-1, -1, 2, 0, -1, 1, 1, 0, 0, 0, 0, 3, 3, -1, 21, 1, 0, 4, 1, 5, 2, 6, 3, 7, 4, 8, 5, 9, 6, 10, 7, 11, 7, 12, 4, 13, 8, 14, 9, 15, 8, 16, 10, 17, 11, 18, 12, 19, 5, 20, 5, 21, 8, 22, 13, 23, 14, 0, 0, 0, 2147483647, 24, 15, 1, 4, 16, 0, 0, 0, 2147483647, 25, 15, 1, 4, 17, 0, 0, 0, 2147483647, 26, 15, 1, 4, 18, 0, 0, 0, 2147483647, 27, 15, 1, 4, 19, 0 </int_array>
			<string> "variants" </string>
			<array  len="20" shared="false">
				<transform> 1, 0, 0, 0, 1, 0, 0, 0, 1, 0, 0, 0 </transform>
				<transform> 1, 0, 0, 0, 0.707107, 0.707107, 0, -0.707107, 0.707107, 0, 15, 15 </transform>
				<int> 1 </int>
				<bool> True </bool>
				<bool> False </bool>
				<int> 0 </int>
				<real> 5 </real>
				<color> 1, 1, 1, 1 </color>
				<real> 0 </real>
				<real> 0.05 </real>
				<real> 60 </real>
				<real> 1 </real>
				<resource name=""></resource>				<real> 0.5 </real>
				<real> 2 </real>
				<resource  external="0">  </resource>
				<transform> 0.856051, 0, -0.516891, 0, 1, 0, 0.516891, 0, 0.856051, 2.89445, 0, 0 </transform>
				<transform> -0.320259, 0, -0.94733, 0, 1, 0, 0.94733, 0, -0.320259, 2.89445, 0, 3.19541 </transform>
				<transform> -0.154591, 0, 0.987979, 0, 1, 0, -0.987979, 0, -0.154591, -5.5354, 0, 3.19541 </transform>
				<transform> 0.187722, 0, 0.982222, 0, 1, 0, -0.982222, 0, 0.187722, -1.01875, 0, -0.527537 </transform>
			</array>
			<string> "version" </string>
			<int> 2 </int>
		</dictionary>

	</main_resource>
</resource_file>